[{
'L12': 10.4093719791350,
'L13': 10.3120185827024,
'L14': 10.3156349780321,
'L15': 10.3266511996871,
'L16': 10.3123724234533,
'L27': 2.44436085715673,
'L37': 1.99846497342335,
'L47': 1.98932149236869,
'L57': 2.05635810311561,
'L67': 1.99371512508683,
'L23': 1.01300160414483,
'L34': 1.00554077490672,
'L45': 0.996142560078625,
'L56': 1.07000000000000,
},1.0]




[{'L12': 40.20863713184018,
 'L13': 55.8187674532500,
 'L14': 43.6991384354429,
 'L15': 57.2762647175948,
 'L16': 40.86318758980992,
 'L23': 30.8142970064222,
 'L27': 1.00000000000000,
 'L34': 62.3464305313464,
 'L37': 30.6847535430872,
 'L45': 43.0124202992577,
 'L47': 31.7253699742020,
 'L56': 26.6637938035832,
 'L57': 26.8388729271555,
 'L67': 1.00000000000000}, 1.41421356237310]  #vangelis 32

 [{'L12': 55.8187674532500,
 'L13': 43.6991384354429,
 'L14': 57.2762647175948,
 'L15': 40.86318758980992,
 'L16': 40.20863713184018,
 'L23': 62.3464305313464,
 'L27': 30.6847535430872,
 'L34': 43.0124202992577,
 'L37': 31.7253699742020,
 'L45': 26.6637938035832,
 'L47': 26.8388729271555,
 'L56': 1.41421356237310,
 'L57': 1.00000000000000,
 'L67': 1.00000000000000}, 30.8142970064222]       #vangelis 32 different
 
 [{'L12': 1.077032961426901,
 'L13': 1.00498756211209,
 'L14': 2.50000000000000,
 'L15': 2.70000000000000,
 'L16': 3.50000000000000,
 'L23': 0.500000000000000,
 'L27': 1.848350616089924,
 'L34': 2.10000000000000,
 'L37': 1.47186955943793,
 'L45': 2.80000000000000,
 'L47': 2.00000000000000,
 'L56': 4.18000000000000,
 'L57': 2.50000000000000,
 'L67': 4.50000000000000} , 4.10000000000000]
